Seed IDX	Generation	Fitness	Chromosome
0	60	499.99985236411885	0	0	1	1	1	1	0	1	0	1	0	0	0	0	0	0	0	0	0	1	1	0	0	0	0	0	0	0	0	0	0	0	0	0	
1	58	499.9998494698346	0	0	0	0	0	1	0	0	1	0	0	0	0	0	0	0	0	0	0	1	0	1	1	1	1	0	1	0	1	1	1	1	1	1	
2	93	499.99985234171606	
3	77	499.99985236411885	
4	76	499.99985236411885	1	0	0	0	0	1	0	0	0	1	1	0	0	0	0	0	0	0	1	1	0	1	0	0	0	0	1	1	0	0	0	0	0	0	
5	59	499.99985235291837	
6	65	499.99985235291837	
7	90	499.99985234171675	1	1	0	1	1	1	0	1	0	1	0	1	1	1	1	1	1	0	0	1	0	1	1	1	0	1	1	1	1	0	0	0	0	0	
8	43	499.9998509039336	
9	61	499.99985236411885	
10	53	499.99985236411885	
11	78	499.99985236411885	0	0	0	1	0	1	0	0	0	0	0	0	0	0	0	0	0	1	1	0	1	0	1	0	0	1	0	1	1	1	1	1	1	1	
12	61	499.99985233051325	
13	58	499.99985234171675	1	0	0	1	0	1	1	0	1	0	1	0	1	1	1	1	1	1	1	1	0	0	0	1	0	0	0	1	0	0	0	0	0	0	
14	55	499.99985235291837	
15	65	499.99985235291825	
16	64	499.99985234171675	1	0	0	0	1	1	1	0	0	0	0	1	1	1	1	1	1	0	1	0	0	0	0	0	0	0	1	0	0	0	0	0	0	0	
17	77	499.99985235291837	
18	94	499.99984942365035	1	0	1	0	1	0	0	1	0	1	0	0	0	0	0	0	0	0	0	1	1	1	1	0	0	0	1	1	1	1	1	1	1	1	
19	88	499.99985235291837	1	0	0	1	0	0	0	0	0	0	1	1	1	1	1	1	1	0	1	0	1	0	1	0	1	0	0	1	0	1	0	0	0	0	
20	57	499.99985236411885	
21	85	499.9998516125578	
22	88	499.9998523529188	0	1	0	0	0	0	1	1	1	0	0	1	0	0	0	0	0	0	0	0	0	1	0	1	1	1	1	1	1	1	1	1	1	1	
23	74	499.99985236411885	0	0	1	1	0	1	1	0	1	0	1	0	1	1	1	1	1	1	0	0	0	1	0	0	0	1	0	1	0	0	0	0	0	0	
24	96	499.9998523529188	1	0	0	1	0	1	0	0	0	1	0	0	0	0	0	0	0	1	0	0	1	1	1	1	1	0	0	1	1	1	1	1	1	1	
25	83	499.99985235291837	
26	83	499.99985236411885	
27	94	499.99985236411885	0	1	0	0	0	1	1	0	0	0	0	0	0	0	0	0	0	1	0	0	0	0	0	0	0	1	0	0	0	0	0	0	0	0	
28	71	499.99985234171675	
29	55	499.99985234171675	
