Seed IDX	Generation	Fitness	Chromosome
0	160	15874.613741876441	0	0	1	1	1	0	0	1	1	0	1	1	1	1	1	0	0	1	0	0	0	1	0	1	0	1	1	0	1	0	0	1	1	1	0	1	1	0	1	0	1	0	1	0	1	1	1	0	1	1	0	0	1	1	1	0	1	0	0	0	1	0	1	0	1	0	0	0	0	0	0	1	1	0	1	0	1	0	0	1	1	1	0	0	1	1	0	1	0	1	0	0	0	0	1	1	
1	18	11621.706778281228	0	0	0	0	1	1	0	1	1	0	1	0	0	0	0	1	1	0	1	0	0	0	0	1	1	1	1	1	1	0	0	1	1	0	0	0	1	0	0	1	1	1	1	1	1	1	0	1	0	1	0	0	0	1	0	1	0	1	1	0	0	1	1	0	1	1	0	0	1	1	0	1	0	0	0	0	1	1	0	1	1	0	1	0	1	0	1	0	0	0	1	1	1	1	1	0	
2	57	46950.558534917465	
3	20	46601.27870159748	1	0	1	1	0	0	0	1	0	1	1	0	1	0	0	1	0	0	0	0	0	0	0	1	1	1	1	1	0	1	1	0	0	0	0	0	1	0	1	0	1	1	1	0	0	0	0	1	0	0	1	0	1	0	0	1	0	0	0	1	1	0	1	0	1	0	0	0	0	1	1	0	1	1	1	0	0	0	0	1	1	0	0	1	0	1	0	1	1	1	0	0	0	1	1	0	
4	184	148678.0366498118	0	1	1	0	1	0	0	0	0	1	0	0	0	0	1	0	0	0	1	1	1	1	0	1	1	0	1	0	1	0	0	1	1	0	1	1	0	1	0	1	1	0	1	0	0	0	1	0	1	0	0	1	0	1	1	0	0	0	0	1	1	1	1	0	1	0	1	0	1	0	1	0	0	0	0	0	1	0	1	0	0	0	1	1	0	1	1	0	0	0	1	1	0	0	0	1	
5	94	83670.7654229387	1	1	1	1	1	0	0	1	0	0	0	0	0	1	1	0	0	0	0	1	1	1	1	0	1	0	1	1	0	1	1	0	0	1	1	0	0	0	1	0	0	1	1	1	0	0	0	1	0	0	0	0	0	0	1	0	0	0	1	0	0	0	0	1	0	1	0	0	1	0	0	1	0	1	0	0	0	1	0	1	0	0	1	0	1	1	1	0	1	1	1	0	1	0	0	1	
6	154	57766.94064209277	0	1	1	1	0	0	1	1	1	0	0	0	0	1	0	1	1	0	0	1	1	1	0	1	1	1	1	1	0	0	1	0	1	1	0	1	1	0	1	0	0	0	0	0	1	1	0	0	0	1	0	1	0	1	1	0	0	0	1	0	0	1	0	1	0	0	1	0	1	1	1	0	1	1	0	0	1	0	1	0	1	0	0	0	1	1	1	0	0	1	0	1	1	0	1	0	
7	201	14927.419212386043	
8	224	43430.57053271502	1	0	1	1	1	1	0	1	0	0	0	1	1	0	1	0	1	0	0	0	1	1	0	1	0	1	0	0	0	0	0	1	1	0	1	1	1	0	1	0	1	0	1	0	1	1	1	0	1	1	1	0	0	1	0	1	0	0	0	0	1	0	1	1	0	0	1	0	0	0	0	1	1	0	1	1	1	1	1	0	0	0	1	1	0	0	0	1	0	1	0	1	1	1	0	1	
9	38	98547.33453420084	1	1	1	1	1	1	0	0	0	1	1	0	0	1	1	1	0	1	0	1	1	0	1	0	1	1	1	1	0	0	0	1	0	0	1	0	1	1	1	0	1	1	0	0	0	1	0	1	1	1	0	0	0	1	1	0	0	1	0	0	0	0	0	1	0	1	0	1	1	1	0	1	0	0	1	1	0	0	1	0	0	1	0	1	0	0	1	0	0	1	0	1	0	1	0	1	
10	112	23897.21462029043	1	1	1	0	0	0	0	1	0	1	0	1	0	0	0	1	0	1	0	0	1	0	1	0	0	1	0	0	1	1	0	1	0	0	0	1	0	1	1	0	0	0	1	0	1	0	1	1	1	1	0	1	0	0	1	0	0	1	0	0	0	1	1	0	1	1	1	0	1	1	1	0	1	1	0	0	1	0	0	1	1	1	0	0	0	0	0	1	0	1	1	0	1	0	0	1	
11	27	304548.5896675527	
12	234	83439.39481153314	0	0	1	0	0	1	0	0	1	1	1	1	1	0	1	0	1	0	0	1	0	0	1	0	1	0	0	0	0	0	0	1	0	1	0	1	0	0	0	1	1	1	0	1	0	0	0	1	0	0	1	0	1	0	0	1	0	0	0	1	0	0	1	0	1	1	0	0	0	1	0	1	0	1	1	0	0	0	1	1	1	0	1	1	0	1	1	0	0	1	1	0	1	0	0	1	
13	213	31269.973423763062	
14	223	19967.681453949637	
15	6	71925.0662737057	0	1	1	0	1	0	0	1	1	1	0	0	0	1	0	0	1	1	0	0	1	1	0	0	1	1	0	0	0	0	1	0	0	1	0	0	1	0	0	1	1	0	1	1	0	0	1	0	1	0	1	0	0	1	1	0	0	1	1	1	1	0	1	0	0	1	0	0	0	1	0	1	0	0	0	0	0	1	0	1	1	0	0	0	0	1	1	0	1	0	1	1	1	0	1	0	
16	190	221657.62923216927	1	0	1	1	0	1	0	1	0	0	0	0	0	1	0	1	1	0	0	0	1	0	1	0	1	0	0	0	1	1	0	0	0	0	1	0	1	0	1	0	0	1	1	0	0	0	0	1	1	0	0	1	0	1	1	0	0	0	0	0	0	1	1	0	0	0	0	1	1	1	0	1	0	0	0	0	0	1	1	0	0	1	0	0	0	1	0	1	0	0	0	0	1	0	0	1	
17	249	4960809.9876507465	
18	103	39357.287545508225	
19	71	40371.4297673027	
20	84	163177.9656913649	1	1	1	1	0	1	0	1	1	0	1	0	0	1	0	1	0	1	0	1	1	1	1	0	1	0	0	0	1	0	1	1	0	0	1	1	1	0	1	0	1	0	0	0	0	0	1	1	0	1	0	1	0	0	0	1	1	1	1	0	1	0	1	0	0	0	0	0	1	0	0	1	1	0	0	0	1	0	0	1	1	0	1	1	1	1	1	0	0	0	0	0	0	0	0	1	
21	86	238766.31760300155	0	1	1	1	1	1	0	1	0	0	1	0	1	1	0	1	1	1	0	1	0	0	0	1	1	0	1	1	0	0	0	1	0	1	0	0	1	1	1	0	0	1	0	0	1	0	1	0	1	1	0	0	0	0	1	1	1	1	1	0	0	1	0	1	0	0	1	1	1	1	1	0	0	0	0	0	1	0	0	1	1	1	1	0	1	0	0	1	0	0	0	0	1	1	1	0	
22	213	90908.75847774104	
23	95	70483.58714853767	
24	61	44950.88066536063	
25	87	191986.45461384743	
26	33	74016.0160838014	
27	198	1680462.2106970886	0	1	0	1	0	0	1	0	1	1	0	0	0	0	0	1	0	0	1	0	1	0	0	1	1	0	0	0	0	1	0	1	0	0	0	0	1	0	0	1	1	0	0	0	0	0	1	1	0	1	0	1	0	1	0	1	0	0	0	1	1	1	0	1	1	1	0	0	0	1	0	1	1	1	0	1	0	1	0	1	1	1	0	1	1	1	1	0	1	1	0	1	0	0	1	0	
28	238	71361.67008922237	0	1	0	1	1	0	1	0	1	1	1	0	0	1	1	0	0	1	1	1	0	0	1	0	1	1	1	1	1	0	0	1	1	1	1	0	1	1	1	0	0	0	1	0	0	1	0	1	1	0	1	0	1	1	1	0	0	0	0	0	0	0	1	1	1	1	1	0	0	1	0	1	0	1	1	1	0	0	0	1	0	1	1	0	0	1	1	0	1	1	0	0	1	0	1	0	
29	47	241810.84606605014	
