Seed IDX	Generation	Fitness	Chromosome
0	0	25	0	1	1	1	0	0	0	1	1	1	1	1	0	0	1	0	1	0	0	0	0	0	0	1	0	0	1	1	1	1	0	0	0	0	0	1	1	1	0	0	1	0	0	1	0	0	0	1	0	1	
1	0	25	1	1	0	1	1	1	0	0	1	1	0	1	1	1	0	1	1	0	1	0	0	1	1	1	0	0	1	1	0	1	0	0	0	0	1	1	1	0	0	1	0	0	1	0	0	0	1	1	0	0	
2	0	25	1	1	1	1	0	1	0	1	1	0	0	1	0	0	1	0	0	0	0	1	0	0	0	1	1	1	1	1	0	1	0	1	0	1	0	1	1	1	0	0	0	1	1	0	0	0	0	0	1	1	
3	0	25	
4	0	25	1	1	1	0	1	1	1	1	1	1	0	1	1	0	0	1	0	0	1	1	1	1	0	0	1	1	0	0	0	0	0	0	1	1	1	1	0	1	0	0	1	0	1	1	1	1	1	1	0	1	
5	0	25	0	0	0	0	0	0	0	1	0	1	1	0	0	0	0	1	1	1	1	1	1	0	1	1	0	0	1	0	1	0	1	0	0	0	0	1	1	0	0	1	0	1	1	0	1	1	1	1	0	0	
6	0	25	0	1	0	0	0	0	1	0	1	0	1	0	0	0	1	1	0	1	0	1	0	1	0	0	1	1	0	1	1	1	1	0	0	1	1	1	0	1	0	1	1	0	1	1	1	1	1	0	0	0	
7	0	25	0	0	1	0	0	1	0	1	1	1	1	0	1	0	0	1	0	0	1	0	0	0	1	1	0	0	0	1	1	1	0	1	0	0	1	0	0	0	0	1	0	0	0	1	1	0	0	1	0	0	
8	0	25	0	1	0	1	1	1	0	1	1	1	0	0	1	1	1	0	1	1	0	1	0	1	1	1	0	1	1	0	0	0	1	0	0	1	0	1	0	1	1	1	0	0	0	1	1	0	1	0	0	0	
9	0	25	1	0	1	0	0	1	1	0	1	0	1	0	1	1	0	1	1	1	1	0	0	1	0	1	0	1	1	0	1	1	1	0	1	0	1	1	1	0	0	0	1	1	0	0	1	0	0	1	1	1	
10	0	25	0	1	1	1	1	0	0	1	0	1	0	1	0	0	0	1	0	1	0	1	1	0	1	1	1	1	1	0	1	1	1	1	1	0	1	0	1	0	1	0	0	1	0	1	0	1	1	1	0	0	
11	0	25	0	1	0	1	1	1	0	1	1	0	0	1	1	1	0	0	0	1	1	0	0	1	0	0	1	1	0	0	0	1	0	1	0	1	0	1	0	0	0	1	1	0	1	0	0	0	1	0	1	1	
12	0	25	0	1	1	1	0	1	0	1	0	0	0	1	1	0	1	0	1	1	0	1	1	0	1	0	0	1	1	1	0	1	0	0	1	1	1	0	1	0	1	0	0	0	1	1	0	0	1	1	0	1	
13	0	25	
14	0	25	1	1	0	1	1	0	0	0	0	0	0	0	1	0	1	1	0	1	1	1	1	0	1	0	1	0	0	1	1	0	0	1	0	1	0	1	0	0	1	1	1	1	0	1	1	1	0	1	0	1	
15	0	25	
16	0	25	0	0	0	1	1	0	0	0	1	1	1	0	1	1	0	1	1	0	0	0	0	1	1	0	1	0	0	0	1	1	0	1	0	0	1	1	1	1	1	1	0	1	1	0	1	1	1	1	0	0	
17	0	25	1	1	1	1	1	1	0	0	1	1	1	0	1	1	0	0	0	1	1	0	0	1	1	1	1	0	0	0	1	1	0	0	0	1	1	0	1	0	0	1	0	1	1	0	0	1	0	0	1	0	
18	0	25	0	1	0	1	0	1	0	1	0	1	1	1	1	0	0	0	1	1	0	0	1	1	0	1	1	1	0	0	1	0	0	0	1	1	0	0	1	1	0	1	1	0	1	1	0	1	1	0	1	1	
19	0	25	1	0	1	0	1	1	1	0	0	0	1	0	0	1	0	0	1	0	1	1	0	0	1	1	0	1	0	1	1	0	1	1	1	0	1	0	1	1	1	1	0	0	0	0	0	0	1	0	1	0	
20	1	25	
21	0	25	1	0	1	1	0	0	0	1	0	0	1	0	0	1	1	1	0	1	0	1	0	0	0	1	0	0	0	0	1	1	0	0	0	1	1	1	1	0	1	1	0	0	0	0	0	0	0	1	1	0	
22	0	25	1	0	0	0	1	1	1	1	1	1	1	1	1	1	1	0	1	0	1	0	1	1	0	0	0	1	0	0	1	0	1	0	1	1	0	0	1	1	1	1	0	0	1	0	1	0	0	0	1	0	
23	0	25	1	1	1	0	0	0	0	0	1	0	1	1	1	1	0	1	1	1	1	0	0	1	1	0	0	1	0	1	0	1	1	0	1	0	0	0	0	1	0	1	0	0	0	0	1	1	1	1	0	1	
24	0	25	
25	0	25	0	1	0	1	1	1	1	0	0	1	0	0	0	1	0	0	0	0	1	1	0	1	0	0	1	1	1	1	0	0	1	0	0	1	0	0	1	1	0	0	1	1	0	1	1	1	0	1	1	1	
26	0	25	1	1	1	1	0	0	1	1	1	1	0	1	1	0	0	1	0	1	1	0	0	1	1	1	1	0	0	1	0	0	1	0	0	1	0	1	1	0	1	0	1	1	0	1	1	0	1	0	1	1	
27	0	25	1	0	1	0	0	1	1	0	1	0	0	1	1	0	1	1	0	0	0	1	1	0	1	1	1	1	1	0	1	1	1	1	1	0	0	1	0	1	1	0	0	0	0	1	1	0	0	0	0	1	
28	0	25	
29	0	25	0	1	0	1	1	0	1	1	0	1	1	1	0	1	0	0	0	0	1	1	0	1	0	0	1	0	1	1	0	1	1	0	1	1	0	1	1	0	1	0	1	1	1	1	0	0	1	1	0	0	
