Seed IDX	Generation	Fitness	Chromosome
0	62	79.9999	0	0	1	0	0	0	0	0	0	1	0	1	1	0	1	1	1	1	1	0	0	1	0	1	0	0	1	0	0	1	
1	63	79.9998	
2	75	79.9998	
3	73	79.999	
4	84	79.9998	0	0	1	1	1	1	1	1	1	0	1	1	1	0	1	1	0	1	1	0	1	0	1	0	0	0	0	0	0	1	
5	64	79.9999	0	0	1	0	1	1	0	0	0	1	0	0	1	0	1	0	1	1	1	0	1	1	1	0	0	0	0	0	0	1	
6	49	79.9998	
7	29	79.9998	
8	72	80.0	0	1	1	1	1	0	0	0	0	1	1	1	1	1	1	0	1	1	1	0	1	0	0	0	0	0	0	0	0	1	
9	39	79.9999	
10	41	79.9998	
11	97	79.9999	
12	50	79.9998	0	0	1	1	1	1	1	1	1	0	1	1	0	1	1	0	0	0	0	1	0	1	1	0	1	1	1	1	1	0	
13	48	79.9999	1	0	0	0	1	1	1	1	1	0	1	1	0	0	0	0	0	0	0	1	1	0	0	0	0	0	0	0	0	1	
14	58	79.9997	0	1	1	1	0	0	1	1	1	0	1	0	1	0	1	0	0	0	0	1	0	0	0	0	1	0	1	1	1	0	
15	65	79.9997	
16	91	79.9997	
17	60	79.9999	1	0	0	0	0	0	0	0	0	1	1	1	1	0	0	0	1	0	0	1	1	1	1	0	1	1	0	0	0	1	
18	61	79.9999	
19	90	80.0	0	1	0	1	0	1	0	1	1	0	0	1	1	1	0	1	0	0	0	1	1	1	0	0	0	0	0	0	0	1	
20	80	79.9998	0	1	0	0	1	1	1	1	1	0	0	0	0	0	1	0	0	0	0	1	0	1	0	1	0	0	1	1	1	0	
21	39	79.9999	
22	52	79.9999	0	0	0	1	0	1	0	0	0	1	1	1	1	0	0	0	0	0	0	1	1	1	1	0	1	0	1	1	1	0	
23	85	79.9998	
24	55	79.9999	
25	93	79.9998	
26	60	79.9999	1	0	1	1	1	1	1	1	1	0	1	1	1	0	0	1	1	1	1	0	0	0	1	1	1	0	0	0	0	1	
27	44	79.9996	0	1	0	1	1	0	0	0	0	1	0	0	1	1	0	1	0	0	0	1	0	1	1	0	1	0	0	0	0	1	
28	75	79.9999	
29	78	79.9998	0	0	1	1	1	1	0	1	1	0	0	1	1	0	0	0	1	0	0	1	1	0	1	0	1	0	1	1	1	0	
