Seed IDX	Generation	Fitness	Chromosome
0	8	3999.9260012544	0	0	0	1	0	1	1	0	0	0	1	1	0	0	0	1	1	1	1	1	0	0	1	1	
1	39	3999.9967296719	
2	19	3999.979183	
3	16	3999.9814913264	0	1	1	0	1	0	1	1	1	1	0	0	0	0	0	0	1	1	1	0	0	0	1	1	
4	30	3999.9850666559	1	1	1	1	0	0	0	0	0	0	1	1	0	0	0	0	0	0	1	0	0	0	1	1	
5	34	3999.9593584399	0	0	1	1	1	1	1	0	1	1	0	1	1	0	1	1	1	0	0	0	1	1	0	1	
6	79	3999.9972503024	
7	11	3999.9497656304	
8	83	3999.9899839199	
9	36	3999.9336690959	1	0	1	1	1	0	1	0	1	1	0	1	1	0	1	0	0	1	1	1	0	1	0	1	
10	94	3999.9987448479	0	1	1	0	0	0	0	0	0	0	1	0	1	1	0	1	0	0	0	0	0	0	1	1	
11	76	3999.3455189039	1	0	0	1	0	0	1	0	0	1	1	0	1	1	0	1	1	1	0	1	0	0	0	1	
12	57	3999.869579	
13	34	3999.8758309375	1	1	1	1	1	1	1	0	1	1	0	1	0	0	0	0	0	0	1	0	1	1	0	1	
14	43	3999.9397266224	
15	27	3999.9965652719	
16	37	3999.9943590079	
17	86	3999.9025609375	0	0	1	1	1	1	1	0	0	0	1	1	1	0	0	0	0	1	0	0	1	0	1	1	
18	70	3999.9496140399	1	1	0	1	1	1	0	1	1	1	0	0	0	1	0	1	0	0	1	1	0	0	1	1	
19	67	3999.9932862304	
20	43	3999.9972503024	
21	87	3999.9840758784	
22	28	3999.9939	1	1	0	1	0	0	1	0	0	0	1	0	0	1	0	1	1	0	0	1	1	1	0	1	
23	39	3999.5348750784	
24	23	3999.9947559375	
25	6	3999.9757133279	1	1	1	0	1	0	0	1	1	1	0	1	0	0	0	0	1	0	1	0	1	1	0	1	
26	49	3999.9896109375	
27	68	3999.8117767999	0	0	1	0	0	1	1	1	0	1	0	1	1	1	1	1	1	1	0	0	0	1	0	1	
28	55	3999.9864693504	
29	36	3999.9486957119	1	1	1	1	0	1	1	0	1	1	0	1	1	0	0	1	0	0	0	0	1	1	0	1	
