Seed IDX	Generation	Fitness	Chromosome
0	398	55572.768153864636	0	0	1	1	1	1	0	1	1	0	1	1	0	1	0	1	1	0	0	1	1	1	0	1	1	0	0	0	1	1	1	0	0	0	1	1	0	1	0	1	1	1	1	1	1	0	1	0	0	0	0	0	1	1	1	0	0	1	1	1	1	0	1	0	1	0	0	0	0	1	1	0	1	1	1	0	0	1	1	0	0	1	0	0	1	0	1	0	1	0	1	0	1	1	0	1	1	1	1	1	0	1	1	0	1	1	0	1	0	0	0	1	0	0	1	0	0	1	1	0	0	0	0	0	0	1	1	0	1	1	1	1	0	0	0	1	0	1	1	0	1	0	0	1	1	1	1	0	0	0	0	1	0	0	1	1	0	1	1	0	1	1	0	1	0	1	1	0	0	1	1	1	1	0	1	0	0	0	0	0	1	1	1	0	0	1	0	0	1	0	0	1	0	1	0	1	1	1	1	0	1	0	0	0	0	1	0	1	0	0	1	1	1	1	1	0	1	1	0	1	1	0	1	0	1	1	1	1	1	1	1	0	1	0	1	1	1	0	1	0	
1	125	91439.36784036766	0	0	1	0	1	0	1	1	1	0	0	1	0	1	0	1	0	0	1	0	0	0	1	1	1	0	1	0	0	0	0	1	0	1	0	0	1	1	1	0	0	0	0	1	0	1	0	1	1	1	0	0	1	1	1	0	0	1	0	0	1	0	1	0	1	0	1	1	0	0	0	1	1	0	1	0	1	0	1	0	0	1	1	0	1	1	1	0	0	1	0	0	1	1	1	0	0	0	0	0	0	1	1	0	1	1	1	1	1	1	1	0	0	0	0	1	1	0	0	1	1	0	1	0	1	1	1	0	1	0	0	1	1	1	1	0	1	1	0	0	1	0	0	1	0	1	0	1	1	0	0	1	1	0	1	1	0	1	1	0	1	0	0	0	0	0	0	1	0	1	0	0	1	1	1	0	1	0	1	0	0	0	0	1	1	1	0	0	1	1	1	0	1	1	0	0	0	1	1	0	0	1	0	1	0	0	0	1	0	0	0	1	0	1	1	0	0	1	0	1	0	1	1	0	1	1	1	1	1	0	0	1	1	1	0	0	0	0	0	1	
2	599	69110.33569969429	1	0	0	1	0	0	1	0	1	0	1	0	1	0	1	0	0	1	1	0	1	0	0	1	0	0	1	1	1	0	0	1	1	1	0	0	0	0	1	0	1	0	1	1	0	1	1	0	1	1	0	1	0	1	1	0	0	0	1	1	1	1	0	1	1	1	0	0	1	0	0	1	1	0	0	0	1	0	0	1	0	1	0	0	0	1	1	0	0	0	0	0	1	1	0	1	0	1	0	0	0	1	1	0	1	1	1	0	1	0	1	0	1	1	0	1	0	1	1	0	1	0	1	0	0	1	1	0	1	0	1	1	1	0	1	0	0	1	1	1	1	0	0	1	1	0	1	0	1	0	0	1	1	0	1	0	1	1	1	0	0	1	1	0	1	0	0	1	0	1	0	1	0	1	1	0	1	1	1	0	0	1	1	0	0	1	0	1	1	0	0	1	1	1	0	1	0	0	0	1	1	1	0	1	1	0	0	1	0	1	1	1	0	1	1	0	0	0	1	1	1	0	0	1	1	1	0	1	1	0	0	1	0	0	1	1	0	0	0	1	
3	317	860527.6810521551	0	0	0	0	1	0	0	1	0	0	0	1	0	0	1	0	1	0	0	0	0	0	1	0	0	0	1	0	1	0	0	1	1	0	0	0	0	1	1	0	1	1	1	1	0	1	1	0	0	1	0	0	1	1	0	1	0	0	0	1	0	0	0	1	0	1	0	0	1	1	1	0	1	0	0	1	1	0	0	1	0	1	1	1	1	0	0	1	0	0	0	0	0	1	0	1	0	1	1	1	1	1	1	0	1	0	0	0	0	1	0	1	0	0	0	0	0	1	1	0	1	1	1	0	0	0	0	1	0	1	1	1	1	1	1	0	1	0	1	0	1	1	1	0	0	1	1	1	0	0	0	1	1	1	1	0	0	1	1	0	0	1	0	1	0	1	1	0	0	0	0	1	1	0	0	1	1	1	1	0	1	0	0	1	1	0	1	1	0	1	0	1	1	0	1	1	1	1	1	0	0	0	1	1	0	0	0	1	0	0	0	1	1	0	1	0	0	1	0	0	1	1	1	0	1	0	1	1	0	1	1	0	0	0	0	0	0	1	0	1	
4	347	177170.49095555473	0	1	0	0	0	1	1	0	0	1	1	0	1	1	0	1	1	1	1	0	1	1	0	1	0	1	0	0	1	1	0	1	0	1	1	1	1	1	1	0	1	0	1	1	1	0	0	1	1	0	1	0	1	0	0	1	1	0	0	1	1	1	0	1	1	0	0	0	1	0	1	0	0	0	1	1	0	0	0	1	1	0	0	1	0	1	1	0	1	1	1	1	1	0	0	1	1	0	0	0	1	1	1	0	0	1	0	0	0	1	1	0	1	0	0	0	1	1	0	1	1	0	1	0	1	1	1	0	1	0	1	1	1	0	1	0	1	1	0	0	1	1	1	0	1	1	1	0	0	0	1	0	1	1	1	1	0	1	1	0	1	1	0	1	0	1	1	0	0	0	0	1	1	1	1	0	1	1	1	0	0	1	1	0	1	1	0	0	1	1	1	0	1	0	0	0	0	1	1	0	0	0	1	1	0	1	1	0	1	1	0	0	0	0	0	1	1	0	0	1	1	0	0	1	1	1	0	1	0	1	1	0	0	0	1	0	0	1	1	0	
5	416	110858.06968131628	1	0	1	1	1	1	1	0	0	0	1	0	1	1	0	1	1	1	1	1	0	1	0	1	0	0	0	1	1	1	1	0	1	1	1	0	1	1	1	0	1	0	1	0	0	1	0	1	1	0	1	0	0	1	1	0	0	1	1	1	0	0	0	1	1	0	0	0	0	1	1	0	1	1	0	1	1	1	0	1	0	0	0	0	1	1	1	0	1	0	1	1	1	0	0	1	1	1	0	0	0	1	1	0	0	1	1	1	1	0	0	1	0	1	0	0	1	0	1	0	1	1	1	0	0	0	0	1	1	1	1	1	0	0	0	1	1	1	1	1	1	0	1	0	0	1	0	0	1	0	1	0	1	1	1	1	0	1	1	0	0	1	1	0	0	1	0	1	0	1	1	1	0	0	0	1	1	0	0	0	1	0	0	1	1	1	0	1	0	0	0	1	0	0	0	1	0	0	0	1	0	1	1	1	0	0	0	1	0	1	0	0	0	0	0	1	1	0	1	1	0	0	0	1	0	1	1	0	1	0	0	1	0	1	0	1	1	1	1	0	
6	302	647779.8409257606	1	1	1	0	1	0	0	1	0	1	1	1	0	1	0	1	1	0	1	1	0	1	1	0	1	1	1	0	0	1	0	1	0	0	1	0	0	1	1	0	0	1	1	0	1	1	1	0	0	0	0	0	0	1	1	0	1	0	0	0	0	1	0	1	0	1	0	1	1	1	0	1	1	1	0	1	0	0	0	1	0	1	1	0	0	1	1	0	1	1	0	1	0	1	1	0	0	1	1	1	0	0	0	1	1	1	0	1	1	1	1	0	1	1	0	0	0	0	0	1	0	0	1	1	1	0	1	0	0	0	0	0	0	1	1	0	1	0	0	0	1	0	0	1	0	1	0	1	1	1	1	0	0	0	1	0	0	1	1	0	1	0	1	1	0	1	1	0	1	1	0	1	0	1	1	0	0	1	1	1	0	1	1	0	1	1	0	0	0	1	0	1	1	1	0	0	0	1	0	1	1	1	0	1	0	0	0	1	0	0	1	0	1	1	1	0	0	1	0	0	1	1	1	0	0	0	0	0	1	0	1	0	1	0	0	0	1	1	1	0	
7	254	186398.95017218005	0	1	0	0	1	0	1	0	0	1	0	0	0	1	1	0	1	0	1	0	0	0	1	1	1	1	1	0	0	0	1	1	0	0	1	1	0	0	0	1	1	1	1	1	0	1	0	1	0	1	1	1	1	0	1	0	0	1	0	0	0	0	0	1	0	1	1	0	1	1	1	0	1	0	0	1	1	1	1	0	1	1	1	0	1	1	1	0	1	1	1	0	1	0	1	0	1	0	0	1	0	1	0	1	1	0	0	0	0	0	0	1	0	1	0	1	1	1	1	0	0	0	1	0	1	0	0	1	0	0	1	0	1	0	0	1	1	0	0	0	0	1	0	1	0	0	1	1	1	0	1	0	0	0	1	0	0	0	0	1	1	0	0	1	1	0	0	1	0	1	0	0	1	0	0	1	1	1	1	0	1	0	0	1	1	1	1	0	0	1	0	1	1	0	0	0	0	0	0	1	0	1	1	1	1	0	0	1	1	1	0	1	1	1	1	0	0	1	1	0	0	0	0	1	1	0	1	1	0	0	0	1	1	1	0	1	0	0	0	1	
8	350	724560.920850691	0	1	1	0	0	0	1	1	0	0	0	1	0	1	0	1	1	0	1	0	1	1	1	0	1	1	1	0	0	1	1	0	1	0	0	1	0	0	0	1	0	0	1	1	1	0	1	0	1	0	1	1	0	0	0	1	1	1	1	1	0	1	1	0	1	1	1	1	1	0	1	0	1	1	0	1	0	1	0	1	1	0	1	1	0	1	1	0	1	0	0	0	0	0	0	1	0	1	1	0	1	0	0	1	1	0	0	1	1	1	1	0	0	0	1	0	0	1	0	1	0	0	0	0	0	1	0	1	0	0	1	1	0	0	0	1	1	0	1	1	0	1	1	0	1	0	1	0	1	1	1	0	1	0	1	0	0	1	1	0	0	0	0	0	0	1	0	1	0	1	0	1	0	1	0	1	0	0	0	1	1	1	1	0	1	0	1	1	1	1	1	0	0	1	1	0	0	1	0	1	1	0	0	1	1	0	1	0	1	0	1	1	0	1	1	0	0	0	1	1	1	0	0	1	1	0	0	0	1	0	0	1	1	0	1	0	0	1	1	0	
9	179	296734.9536442048	0	0	0	1	0	0	0	1	1	0	0	1	1	1	1	0	1	1	1	1	1	0	0	1	0	0	0	0	0	1	1	0	1	0	1	0	0	1	0	1	0	0	0	1	1	1	0	0	1	1	0	0	1	0	0	1	1	0	0	0	1	0	0	1	0	1	1	1	0	0	1	0	1	1	0	0	1	1	1	0	0	1	1	1	1	0	0	1	1	1	1	0	0	1	0	1	0	0	1	0	0	1	1	0	1	1	1	1	0	0	0	1	1	0	0	0	0	1	0	1	0	0	0	0	0	0	0	1	0	1	1	1	0	0	1	0	1	0	1	1	0	1	1	0	0	0	1	0	1	0	0	1	1	0	0	0	1	0	0	1	0	0	1	1	0	0	0	1	1	1	1	1	0	0	0	1	1	1	0	1	1	0	0	1	1	0	0	0	0	0	0	1	1	1	1	0	1	0	1	0	0	1	1	0	0	0	0	1	0	0	1	0	1	0	0	1	1	0	0	0	1	1	1	0	0	0	0	1	0	1	1	0	1	0	0	1	1	0	0	1	
10	429	564936.8090724455	0	1	1	1	1	1	0	1	1	0	1	0	1	0	1	0	0	0	1	1	1	0	0	1	1	0	1	0	0	1	1	0	0	1	0	1	1	1	1	0	1	0	0	1	0	0	1	0	0	1	0	0	0	0	0	1	0	1	0	1	0	1	1	0	1	1	1	1	1	1	1	0	1	1	1	0	1	1	1	0	1	1	0	0	0	0	1	1	1	1	0	1	1	0	0	1	0	0	0	0	1	0	0	1	1	0	1	0	0	1	1	0	1	1	1	0	0	1	1	0	0	0	0	0	0	0	0	1	1	1	1	1	1	0	0	1	1	1	0	1	1	0	0	1	1	1	1	0	1	1	1	0	0	1	1	0	0	1	0	1	1	1	0	1	0	0	0	1	0	1	1	0	1	1	1	0	1	1	0	1	0	0	0	1	1	0	0	1	0	0	0	1	0	0	0	0	1	0	0	1	0	1	1	1	0	0	0	1	1	1	1	0	0	1	1	0	1	0	1	0	1	1	1	0	0	1	0	1	1	1	1	0	1	1	1	1	1	0	0	1	
11	388	337155.4727200021	0	0	0	0	0	1	0	1	1	1	1	1	0	1	1	0	1	0	1	0	1	0	0	1	0	1	0	0	1	1	1	0	1	1	0	1	1	1	1	0	0	1	0	1	1	1	0	0	0	0	1	1	1	0	0	1	1	1	0	1	1	0	0	1	0	1	1	1	0	1	0	1	0	1	0	1	1	0	0	1	0	0	1	1	0	1	0	1	0	0	1	1	1	1	1	0	1	0	0	0	0	1	1	0	1	0	1	1	1	0	1	0	0	0	1	0	0	0	0	1	1	1	0	0	0	0	0	1	1	0	0	1	0	0	0	1	1	1	1	1	0	1	1	0	0	1	0	0	1	0	0	1	1	1	1	1	0	0	0	1	1	0	0	1	1	0	0	1	0	1	1	0	0	1	0	1	1	1	1	1	0	1	1	0	1	1	0	0	0	1	1	0	0	1	0	1	1	0	0	1	0	0	1	0	1	0	0	1	1	0	0	1	1	0	0	1	0	1	0	1	1	0	1	0	1	0	0	0	1	0	0	1	0	1	0	0	1	0	0	1	
12	131	135275.4353853304	0	1	1	1	0	0	1	0	0	1	0	1	0	1	0	1	0	0	0	0	0	0	1	1	0	1	1	0	0	1	0	1	1	1	0	1	0	1	0	1	0	0	1	0	0	1	1	0	0	1	1	0	0	0	0	1	0	0	1	0	1	0	0	1	0	0	1	1	0	1	1	0	1	0	0	1	1	1	1	0	1	1	1	1	0	0	0	1	1	1	0	0	0	0	0	1	1	0	1	1	0	1	0	1	1	1	0	0	1	1	1	0	0	1	1	0	1	0	0	1	1	0	0	0	0	1	0	1	1	1	1	0	0	1	0	1	1	0	1	1	0	0	1	0	0	0	0	1	0	1	1	0	0	0	0	1	1	0	0	1	0	1	1	0	1	0	0	1	0	1	1	1	1	0	0	1	0	1	0	1	0	1	1	0	1	1	0	0	0	0	0	1	1	1	0	0	0	0	0	1	0	0	0	1	0	0	0	1	1	0	1	1	1	0	1	0	1	0	0	1	1	0	0	1	0	0	0	0	1	1	1	0	1	0	0	0	1	1	1	0	
13	381	144527.43507427056	0	1	0	1	1	1	0	1	0	0	1	0	0	0	0	1	1	0	1	0	1	1	1	0	0	0	0	1	1	0	1	0	0	1	1	1	0	0	0	1	0	0	0	1	1	1	0	1	0	1	0	1	1	0	0	1	1	0	1	1	1	0	1	0	0	1	0	1	0	0	0	1	1	1	1	1	0	1	1	0	0	1	1	1	0	0	1	0	0	1	1	0	0	1	0	1	0	1	1	1	0	1	1	0	1	1	0	0	0	0	0	1	1	1	1	1	1	0	0	1	0	1	0	0	1	1	1	0	0	1	0	0	1	1	1	0	1	0	1	1	1	1	1	0	0	0	0	1	1	0	1	0	1	0	0	1	1	1	1	0	1	1	0	0	0	1	0	1	0	0	1	1	0	0	0	1	1	0	0	0	1	1	1	0	0	1	1	0	0	1	0	1	1	0	1	1	1	1	1	0	1	1	1	0	0	1	1	0	0	1	1	1	0	0	0	1	1	0	0	0	1	0	0	1	0	1	0	1	0	1	1	0	0	1	1	1	0	0	0	1	
14	230	4695378.485334265	0	0	1	0	0	1	0	1	1	1	0	1	0	0	0	1	1	0	0	1	0	1	1	0	0	1	1	0	0	0	0	1	0	1	1	0	0	0	0	1	0	1	0	0	1	0	0	1	0	1	0	0	1	0	0	1	1	0	0	1	1	0	0	1	1	0	1	0	1	0	1	0	0	1	0	0	1	0	1	0	1	0	1	1	0	1	1	0	0	1	0	0	1	1	1	0	1	1	1	0	1	1	1	0	1	0	1	1	0	1	1	0	0	1	0	0	1	1	1	0	1	1	1	1	1	0	1	0	0	1	0	1	1	0	0	1	1	1	1	0	1	0	0	1	0	0	1	0	1	0	0	1	0	0	0	1	1	0	0	1	0	0	1	0	1	1	1	0	0	1	1	0	0	0	0	1	1	0	1	1	0	0	1	0	0	1	0	1	1	1	1	0	1	0	0	1	1	1	1	0	1	0	0	1	1	1	1	0	0	1	1	1	0	0	0	1	0	1	1	0	0	0	0	1	0	1	1	1	1	0	1	0	1	0	1	0	0	1	0	1	
15	416	656157.9510115581	1	0	1	1	1	1	0	1	1	1	1	0	1	0	0	1	1	0	1	0	1	0	0	1	1	1	1	0	0	1	1	0	0	0	0	1	1	0	1	0	1	1	1	1	1	0	1	0	0	1	0	1	0	1	1	0	1	1	0	0	1	0	0	1	0	0	0	1	0	1	1	0	0	1	0	1	0	0	0	1	0	0	0	0	0	1	1	0	0	1	1	1	0	0	0	1	0	1	0	1	0	1	0	1	1	1	0	0	1	0	1	0	0	0	1	1	0	0	0	1	0	1	1	1	1	0	0	1	0	1	1	0	0	0	0	1	0	1	0	0	0	0	0	1	1	1	1	1	0	1	1	0	1	1	0	1	1	0	0	1	0	1	1	0	1	1	1	0	0	0	0	0	0	1	1	0	0	1	1	0	1	1	1	0	1	0	0	1	1	0	0	1	1	0	1	0	1	0	1	0	0	0	1	1	1	0	1	0	1	1	0	0	1	1	1	0	0	0	1	0	1	0	0	1	1	1	1	0	0	1	0	1	1	0	1	1	0	0	0	1	
16	143	329604.11222327914	0	1	1	1	1	0	0	1	1	1	1	1	1	1	1	0	1	1	1	0	1	1	0	1	1	1	1	1	1	0	0	1	0	0	1	0	1	1	1	0	1	0	1	0	1	0	0	1	0	0	1	0	0	1	0	1	0	1	0	1	0	0	0	1	0	1	0	1	1	0	1	0	0	0	0	1	0	1	1	0	1	0	1	1	0	0	0	1	0	1	0	1	1	1	1	0	0	0	1	1	1	0	0	1	1	0	1	0	0	1	0	1	1	0	1	1	1	0	1	0	1	1	1	1	1	0	1	0	0	1	0	1	0	0	0	1	1	0	0	1	0	0	0	1	0	1	1	0	0	1	1	0	0	0	1	1	1	0	1	0	1	1	0	1	1	1	1	0	1	0	1	1	1	0	1	0	1	0	1	0	1	0	0	1	1	1	0	1	1	1	1	0	1	0	1	0	1	1	1	0	0	1	1	1	0	1	1	0	1	0	0	0	1	0	0	1	0	1	0	1	1	0	0	1	0	1	1	0	1	0	0	1	0	0	1	0	1	0	0	1	
17	476	93269.12560406631	1	0	0	0	1	0	1	0	0	0	0	0	0	1	0	1	1	1	1	0	0	1	0	1	1	0	1	0	0	1	0	1	0	0	1	0	0	1	0	1	0	1	1	1	0	0	0	1	1	0	1	1	1	0	1	0	0	0	0	0	1	0	0	1	0	0	1	0	0	0	1	0	1	1	1	0	1	1	1	0	1	0	0	0	0	1	0	1	1	1	0	0	1	1	1	0	0	1	0	1	0	1	0	1	0	0	1	0	0	1	1	0	0	1	1	1	1	0	1	0	1	1	0	0	0	0	0	1	1	0	0	1	0	0	0	1	0	0	0	1	1	1	1	0	1	0	0	1	1	1	1	0	1	0	0	0	0	1	1	0	0	1	0	0	1	0	0	1	1	0	0	0	1	1	1	0	1	0	0	1	1	0	0	1	1	1	1	0	1	1	1	0	1	0	1	1	0	1	1	0	0	1	1	0	1	0	0	1	0	1	1	0	0	0	0	1	0	0	1	1	0	0	0	1	1	1	0	0	0	0	0	1	0	0	1	0	0	0	0	1	
18	117	109942.47816853745	0	1	1	0	1	0	0	1	1	1	1	0	0	1	0	1	1	1	0	0	1	1	0	1	0	0	1	1	0	1	0	1	0	0	0	0	1	0	1	0	1	1	0	1	0	1	0	1	0	0	0	1	0	0	1	0	1	0	1	1	0	1	1	0	0	1	0	0	1	1	0	1	0	0	0	1	1	0	0	1	0	0	1	1	0	0	0	1	0	0	1	0	0	0	0	1	1	0	1	0	0	0	0	1	1	1	1	0	1	1	1	0	0	1	0	1	0	0	1	0	0	0	0	1	0	1	1	0	1	1	0	1	0	1	1	0	1	1	1	1	0	0	0	1	1	0	0	0	0	1	0	1	1	1	0	0	1	1	1	0	1	0	1	0	1	0	0	1	1	1	0	1	1	0	0	1	0	1	1	0	0	1	1	0	1	0	1	1	1	1	1	0	1	0	1	1	1	1	1	0	1	0	1	1	1	1	1	0	0	0	1	0	0	1	1	0	1	0	1	1	1	1	1	0	1	1	0	0	0	1	1	0	1	1	1	0	1	1	1	0	
19	189	237371.31065752634	0	0	0	0	1	1	0	1	0	1	0	1	1	1	0	0	1	0	0	0	0	1	0	1	1	1	1	1	0	1	0	1	1	0	0	1	0	0	0	1	0	1	1	1	0	1	1	0	0	1	1	0	1	1	1	0	1	0	1	1	1	0	1	0	0	0	0	0	0	0	0	1	0	0	1	1	0	0	0	1	1	0	0	1	1	1	0	1	1	1	1	1	1	0	0	1	0	1	1	0	0	1	1	0	0	1	0	0	0	0	0	1	1	0	1	1	0	1	0	1	0	0	1	1	1	1	1	0	1	1	1	1	1	1	1	0	0	0	1	1	0	0	0	1	1	0	1	1	1	1	1	0	0	1	0	0	0	0	0	1	0	0	0	1	0	1	1	0	0	1	0	0	0	1	1	0	1	0	0	1	0	1	1	0	0	1	1	0	0	1	0	1	1	1	1	0	1	0	0	1	0	0	1	1	1	0	1	0	1	0	0	0	1	0	1	0	0	0	1	0	0	1	1	0	1	0	0	1	0	1	1	0	1	0	1	1	0	1	1	0	
20	412	465741.82788221026	0	1	1	1	0	0	0	1	0	1	0	0	1	1	1	0	1	1	1	0	1	0	1	0	0	1	0	0	1	1	0	1	0	1	1	0	1	0	1	0	0	1	1	0	1	0	0	1	1	1	1	0	0	1	1	0	0	0	0	0	0	0	0	1	1	0	1	1	0	1	1	0	0	0	1	1	1	1	1	0	0	0	1	1	0	0	1	0	1	0	0	0	1	0	0	1	0	1	1	0	0	0	0	1	0	0	0	0	1	0	0	1	1	0	0	1	0	1	0	1	1	0	0	1	1	0	1	0	1	0	0	0	0	1	0	1	0	1	0	1	0	0	0	1	0	1	1	1	1	1	1	0	0	0	1	0	1	0	0	1	1	0	0	0	0	0	0	1	0	0	1	1	1	1	1	0	1	0	1	1	1	1	1	0	0	0	1	1	1	0	1	0	0	0	0	0	1	0	0	1	1	0	0	0	1	1	1	0	1	0	1	1	0	1	1	0	0	0	0	0	0	0	0	1	1	1	0	1	0	1	1	0	1	1	1	0	0	1	0	1	
21	142	648036.3225053697	0	0	1	0	1	1	0	1	1	0	0	0	1	1	0	1	1	0	0	1	0	0	0	1	1	0	1	1	0	1	1	0	1	0	0	0	0	1	0	1	1	0	0	1	1	0	1	0	0	0	1	0	0	1	0	1	1	1	1	1	0	1	1	0	0	0	1	1	1	1	1	0	0	1	0	0	1	1	1	0	1	1	1	0	0	1	1	0	1	1	1	1	1	1	1	0	1	1	1	0	1	0	0	1	0	1	0	1	0	1	1	0	0	0	1	0	0	1	0	1	0	1	1	0	1	1	0	1	1	0	1	1	0	0	1	0	1	0	0	1	0	0	0	1	0	1	1	0	0	1	1	0	0	0	0	0	0	1	1	0	0	0	0	0	0	1	0	1	1	1	1	1	1	1	1	0	0	0	1	0	1	0	0	1	1	0	1	1	1	0	1	0	1	0	1	0	1	0	0	1	0	1	0	0	1	0	0	1	1	1	0	0	1	0	0	1	1	0	0	1	1	1	1	0	0	1	0	0	1	0	0	1	0	0	1	1	1	0	0	1	
22	240	2611727.7023726692	1	0	0	1	0	1	1	0	1	0	1	0	0	0	0	1	0	1	1	1	1	0	1	0	0	1	1	1	1	0	1	0	1	1	0	0	1	1	0	1	1	1	1	0	0	1	1	0	0	0	0	0	1	1	0	1	0	0	0	1	0	1	1	0	0	0	1	0	0	1	1	0	0	1	0	0	0	1	1	0	1	0	1	1	0	1	1	0	0	0	0	0	1	0	0	1	0	1	0	1	1	0	0	1	0	1	1	1	1	1	1	0	0	0	0	0	1	0	1	0	0	1	1	1	0	1	1	0	0	1	1	1	0	0	0	1	1	1	1	0	0	1	1	0	0	0	1	0	0	1	0	1	0	1	0	0	0	0	0	1	0	1	1	1	1	0	0	1	0	0	0	1	1	0	1	0	1	1	0	0	0	0	0	1	1	0	1	0	1	1	1	0	1	1	0	1	0	1	1	0	1	0	1	1	1	1	1	0	0	0	1	0	1	1	1	0	1	0	1	1	1	0	0	1	1	1	0	0	0	1	1	0	0	1	1	1	1	0	1	0	
23	363	64832.71684756867	1	0	1	1	0	1	1	0	0	1	0	1	1	1	0	1	1	0	0	1	1	0	1	0	0	1	0	1	1	0	1	0	0	1	0	0	1	1	1	0	1	0	0	1	1	1	1	0	1	1	1	0	1	0	0	1	1	1	0	1	0	1	1	0	1	0	0	1	1	0	1	0	1	1	1	0	1	1	1	0	0	0	0	0	0	0	1	0	1	1	1	1	1	1	1	0	1	1	0	1	0	1	0	1	1	0	1	1	0	0	0	1	1	1	0	0	1	1	1	0	0	1	1	1	1	0	0	1	1	0	1	1	0	0	0	1	0	1	0	1	1	1	1	0	0	0	1	1	0	0	0	1	1	1	1	1	1	0	1	0	0	1	1	0	0	1	0	1	0	0	1	1	0	1	0	1	0	1	0	1	1	0	0	1	0	0	1	0	0	1	0	1	0	0	0	0	1	1	1	0	1	1	1	1	0	1	1	0	1	1	0	1	1	0	1	0	1	0	0	0	0	1	1	0	1	0	1	1	0	1	1	0	1	0	0	0	1	1	1	0	
24	265	106874.28836207873	1	0	0	0	0	0	1	0	0	0	1	0	0	0	0	1	0	0	1	1	1	0	0	1	1	1	1	1	1	1	1	0	1	1	0	0	1	0	1	0	0	1	0	1	1	1	1	0	0	0	1	1	1	1	1	0	1	0	0	0	1	1	0	1	1	1	0	1	0	1	1	0	1	0	1	0	1	1	1	0	0	0	0	0	1	0	1	0	1	1	1	1	0	0	1	0	1	1	0	0	1	1	1	0	1	0	0	0	1	1	1	0	1	1	0	1	0	1	1	0	0	0	0	1	0	1	1	0	0	0	1	1	0	0	0	1	0	1	0	0	1	1	1	0	1	1	0	0	1	1	1	0	1	1	0	0	1	0	0	1	0	1	1	1	1	0	1	0	1	1	1	0	1	0	0	1	0	1	0	1	0	0	0	1	1	1	1	1	1	0	0	1	0	0	1	1	0	1	1	0	0	0	1	0	0	1	0	1	0	1	1	0	1	1	1	0	1	0	1	1	1	1	1	0	0	1	0	1	1	1	1	0	1	1	0	1	1	1	1	0	
25	569	251468.63994797244	0	1	0	1	0	1	1	0	1	0	0	1	1	1	1	0	0	1	0	0	1	1	0	1	1	1	0	0	0	1	0	1	1	0	0	0	0	1	1	0	0	0	1	0	1	0	0	1	0	0	0	1	0	1	1	0	1	1	1	0	1	0	1	0	1	1	0	0	0	0	0	1	1	1	0	1	0	0	0	1	1	1	1	0	0	1	0	1	0	1	1	1	0	0	1	0	0	1	0	0	1	0	0	1	0	0	1	0	1	1	1	0	1	1	0	0	0	1	1	0	0	0	1	0	0	0	0	1	1	1	1	0	0	0	0	1	0	1	1	1	1	1	1	0	1	0	1	0	1	1	1	0	0	1	1	0	0	1	0	1	0	0	0	1	1	1	1	0	0	0	0	0	0	1	0	1	1	1	1	0	0	0	0	1	0	0	1	1	1	1	1	0	0	1	1	0	1	0	0	1	1	1	0	0	1	0	0	1	1	0	1	0	1	1	1	0	0	0	1	0	1	1	1	0	0	0	1	0	1	0	0	1	1	1	0	1	0	1	1	0	
26	474	70343.41755906642	1	1	0	0	0	1	0	1	0	1	0	0	1	0	1	0	0	0	1	0	1	1	0	1	1	0	1	1	0	1	0	1	0	0	1	0	1	1	1	0	0	0	0	1	1	0	0	1	1	0	0	1	1	1	1	0	1	0	1	0	1	1	1	0	0	0	1	0	1	0	0	1	0	0	1	1	1	0	1	0	0	1	1	0	1	1	1	0	1	0	1	1	0	0	0	1	1	0	1	0	1	0	0	1	1	1	0	0	1	0	0	1	1	0	0	1	1	1	1	0	0	0	0	1	0	0	0	1	0	0	0	1	0	1	1	0	1	0	1	0	0	0	0	1	1	1	0	1	1	1	1	0	1	0	0	0	1	0	1	0	1	0	1	0	0	1	0	1	0	1	1	0	1	1	1	0	0	1	0	1	0	0	0	1	0	1	1	1	1	1	1	0	1	1	1	1	0	1	1	0	0	1	1	1	0	1	0	1	1	1	1	1	0	0	0	1	1	1	0	0	1	0	1	0	1	0	0	0	0	0	0	1	0	0	1	0	1	0	0	1	
27	116	7438312.849460461	1	1	0	1	1	0	1	0	0	1	0	0	0	0	1	0	1	1	0	1	1	0	0	1	0	1	1	0	0	0	0	1	0	1	0	1	1	0	0	1	1	0	0	0	1	1	1	0	0	0	1	0	0	1	1	0	0	1	1	0	1	1	1	0	0	0	1	0	1	0	0	1	0	1	0	0	1	0	1	0	0	1	1	1	1	0	1	0	1	0	0	0	1	1	1	0	1	1	1	0	1	0	1	0	0	1	1	0	1	0	1	0	1	1	1	0	1	0	0	1	1	1	1	0	0	0	0	1	1	0	1	1	0	1	1	0	0	1	0	0	1	1	1	0	1	0	1	1	0	0	0	1	0	0	1	1	1	0	0	1	0	0	0	0	1	1	1	0	1	0	1	1	1	1	1	0	1	1	1	1	1	0	1	0	0	1	1	1	1	0	0	1	0	1	0	0	0	0	0	1	1	1	1	0	1	0	0	1	0	1	1	1	0	0	1	0	1	0	0	1	0	1	1	0	0	0	0	0	0	0	0	1	1	0	1	1	1	1	1	0	
28	435	207637.9358027296	0	0	0	1	0	1	1	0	1	1	0	1	1	0	1	0	0	1	0	0	0	1	1	0	1	1	1	0	1	0	1	0	0	1	0	0	1	0	0	1	1	1	1	1	0	1	1	0	1	0	1	1	0	1	1	0	0	0	0	1	0	1	1	0	1	1	1	0	0	0	0	1	1	1	1	0	0	0	0	1	0	1	1	0	0	0	0	1	0	1	0	0	1	0	0	1	0	1	1	1	1	0	1	0	1	1	1	1	0	0	0	1	0	1	0	1	0	0	1	0	1	0	1	1	0	0	0	1	0	0	0	0	0	0	0	1	1	0	0	1	0	1	1	0	1	1	1	0	0	0	0	1	1	1	1	0	1	0	0	1	0	0	0	0	1	0	1	0	0	1	1	1	0	0	0	1	0	0	0	1	1	1	1	0	1	1	0	0	0	0	0	1	1	0	1	1	0	1	1	0	0	1	1	1	0	0	0	1	0	0	1	1	0	0	0	1	0	1	0	0	0	0	0	1	1	1	0	0	0	1	1	0	0	0	0	0	0	1	1	0	
29	209	42782.678615762736	0	0	1	1	0	0	1	0	0	1	1	1	1	0	1	0	1	0	0	1	1	0	1	0	0	0	1	1	0	0	0	1	1	0	0	1	1	0	0	1	1	0	1	0	0	1	0	1	1	0	0	0	1	1	1	0	0	1	1	0	0	1	1	0	0	1	0	1	1	1	1	0	1	1	1	0	0	0	0	1	1	1	0	1	0	0	0	1	0	0	1	0	1	0	0	1	0	0	1	0	1	0	1	0	1	0	0	0	1	1	1	0	0	0	1	0	0	1	0	1	1	1	1	1	0	0	0	1	0	1	0	1	1	0	0	1	1	0	0	1	1	1	1	0	0	1	0	0	0	0	0	1	1	1	0	0	0	1	0	1	1	1	1	1	0	0	0	1	1	1	1	0	1	0	1	0	1	0	0	0	1	1	0	1	0	1	0	1	1	0	0	1	0	0	0	0	1	0	0	1	0	1	0	0	1	0	0	1	1	1	1	1	0	1	1	0	0	1	1	0	0	0	0	1	1	1	0	0	0	0	0	1	0	1	0	1	1	0	0	1	
